1720.383482	16558.500359
186.452961	2512.263238
3489.281844	29024.875182
288.358997	4648.063997
4371.918430	34801.696829
4444.650293	38101.411359
1029.567442	10566.574589
3994.321567	32534.466121
1932.124194	16720.960851
2830.862914	23172.903708
3109.493360	24677.766418
3968.937045	32256.877298
40.025811	1434.339916
3625.460823	29876.656205
4040.939875	34154.511120
871.989658	7367.098446
3426.558628	27789.703324
2485.772016	20848.638590
3347.061469	28189.120845
853.989779	8399.047741
3032.988055	24214.871411
2516.724166	22381.955809
4311.148098	35071.420045
529.965768	4945.812262
3859.962252	32605.752516
2474.953238	20795.071504
3420.484105	27972.832810
3309.494703	28303.240771
3305.798892	27358.619734
370.122057	4341.169896
486.709669	4602.321930
3108.062124	26978.591953
2300.554336	18587.630044
829.108768	6959.053364
3367.965153	27700.157942
3366.595701	27520.018169
1981.738616	16234.784998
463.508701	4448.924938
2394.365595	19570.845493
2536.159001	20851.035525
4354.303155	34513.453207
3223.783457	27212.566545
1455.002516	12450.505417
1235.297172	12645.908329
3468.233684	28448.153895
2107.540174	19074.705628
2847.530946	22695.346584
2868.211650	22818.725892
809.436434	8632.977708
795.701081	8812.177105
380.418962	5512.105156
578.354791	6000.614587
45.616645	986.618837
3655.044289	30429.319989
2035.337965	16844.276762
3694.310090	30110.287166
1202.315526	10678.912146
4164.428375	34596.465573
3451.371704	27591.110628
2418.119452	20314.767543
2005.144775	18605.676936
874.548741	9842.189974
4741.261923	39818.995541
0.760998	336.449732
2440.080809	19814.919932
4728.099943	39161.333709
4958.758864	39480.822128
182.657349	1450.140051
1348.318225	12987.712632
2444.357750	21401.130105
28.904926	912.265157
4773.297307	38565.944156
3056.761384	26586.720586
3888.538498	31720.594902
4337.451227	35157.233232
3427.738474	27969.545343
832.317572	9177.285201
1195.271719	9816.383271
3045.047607	24848.875992
1124.277846	9200.703576
1992.494795	16301.459841
3305.628185	27367.045805
1158.832522	11276.435185
1955.629167	17002.172539
2325.987172	21072.870709
890.806937	8472.362021
538.654754	4667.169518
3586.112551	30576.313189
4601.829925	37953.165508
103.549222	3184.170905
3781.308995	32084.720123
281.877148	5001.983286
2833.574912	23341.676375
187.206057	2010.735649
2673.181583	21971.199560
1363.750930	13606.797877
2163.861693	19949.701322
1616.930036	14807.390975
3157.664648	27167.254351
829.844962	6866.509132
2972.546116	24589.090950
2838.543918	24601.485735
2384.756141	19753.402123
2106.617006	17886.375366
3899.307516	32227.156618
925.867211	8945.640750
741.453925	6600.487346
2294.243075	20326.331666
2684.893225	22765.990591
4453.651355	35508.940898
3792.933036	30548.506558
23.751184	762.299156
486.781397	4842.032061
4279.488944	36100.569197
213.240420	1755.478435
4128.097866	34625.636280
1829.985802	15682.174276
1696.987407	15977.054668
3391.298250	29157.370542
1201.328007	10894.593635
1013.770639	9310.201114
4971.222272	40448.853484
3334.939579	27787.858437
330.253402	3229.076993
4746.914478	40488.477277
1377.907610	13043.488783
601.307038	5606.206252
4496.642241	36287.641318
3042.340015	26375.478069
4732.534485	39457.524761
3885.465089	33107.738448
1441.366971	11851.750701
827.274130	8438.957453
4930.192837	41601.713954
1941.958788	16068.460192
1509.178142	13733.304740
3258.716063	26712.766782
4710.953995	38289.349786
3745.865758	29709.792976
2613.488446	22806.923871
4825.112151	40632.669463
2032.627744	16363.928465
393.054851	4032.425402
1514.507626	14063.338858
305.401168	3168.454713
1690.975300	15915.084785
107.674454	2732.699038
4906.317149	39442.330696
1270.696647	12971.865646
153.520962	3144.209277
968.030827	8669.026632
1168.384862	11795.211956
3143.099518	25435.897050
820.402529	7634.868239
920.546251	9355.438124
381.745505	3472.634658
2425.287032	20668.429572
1172.077591	10979.432925
3943.643234	32864.357717
1253.736746	12484.983237
3933.627326	32939.860193
3439.910660	29685.230402
1077.054316	10543.128299
4976.250366	40844.215737
3182.737792	25300.280143
560.406398	6931.544595
1792.470432	15242.163840
3377.515505	29727.324985
2608.130117	23187.543104
1824.535221	16576.200504
2631.809010	22180.210142
4274.334772	33907.313642
4620.653975	36885.398283
2875.437922	24925.719482
3132.997578	27305.743142
2813.341610	23535.018034
2073.886714	17186.995548
1107.926679	10670.612150
4599.480077	37100.259137
498.691993	5621.342604
1213.948371	10255.702503
1932.986482	17122.295643
2787.889653	22279.643765
2941.988750	23552.152027
4508.420022	38588.038660
3924.696138	32386.392907
1972.804694	17553.412485
2197.325070	18369.338118
3645.443268	28932.902701
157.755874	2317.241165
4201.937662	35081.985147
3845.065745	31236.698761
4224.349754	36448.732447
4426.765407	37375.329355
1037.169467	11174.588402
1606.047692	14078.205241
984.555791	9925.783966
257.536639	4304.382041
3849.536161	32426.346321
4168.465214	35048.839412
2966.049357	25361.111392
498.185209	6911.308177
1292.192257	11857.613265
1532.312718	15105.784250
2768.273273	22951.928725
1716.076369	14781.611412
4661.166079	37275.284631
3246.035307	28055.344153
514.134537	5678.070688
2709.345658	22401.683057
2598.258114	23179.795088
3802.421844	32282.950010
2854.427524	25056.613994
2355.259348	19687.231596
2259.483872	18820.090930
61.919864	626.019690
4616.885909	36923.752911
164.387277	1848.175803
3255.615355	26817.974180
846.713689	7324.331745
3386.768591	28376.985487
2994.099559	25556.266362
3123.932170	25500.478124
1933.450497	17504.961593
3912.935580	33794.733645
189.370713	2407.432729
3958.189508	33762.757778
94.007594	1832.557369
3051.751041	25653.939600
3516.580716	28054.781689
3972.991502	33632.084767
536.768141	6407.682476
4138.605652	33218.129244
4498.955575	37089.653458
2397.855417	19209.818349
3418.109633	27558.455935
2908.459319	23896.153153
3832.558672	30991.523539
2652.344058	21478.782434
4670.458198	37951.404917
408.805325	6155.579405
3076.473327	27000.494396
3851.621467	32425.445177
1179.611860	10490.158538
619.747863	7729.065541
2214.607420	20305.864931
3274.693153	27601.966398
3182.616773	26669.437589
3452.530980	28969.405684
4807.519813	38608.648690
3027.241609	25925.525854
1635.010399	13518.477454
4637.838634	37034.276526
1968.092416	16970.759905
1233.578241	10758.935748
3855.462325	31539.024624
1498.379522	13033.452053
1009.378396	8209.077124
102.416570	2125.020386
2253.373494	18290.731612
1885.182833	17620.400700
314.903795	2591.461025
2219.356474	19686.368741
2573.174789	20794.912344
1179.092916	10772.439284
1522.273848	14587.448061
606.324042	6699.340056
142.035449	1272.093748
3624.853321	29992.151338
2534.345366	22999.125146
3748.678478	30541.243269
1500.815126	12041.827028
3321.743341	27830.118391
597.058987	6786.042159
4699.183779	38950.139816
4146.324345	33809.224703
2318.413396	21049.595124
1744.242595	16545.357217
2958.748708	26037.809156
209.657322	4144.187891
1698.111983	14496.280198
3344.176148	27884.438389
4889.215422	40837.561503
2548.598700	22305.461628
596.339463	4775.610602
3372.500301	29333.249512
1472.751755	14595.186146
4592.075941	39267.774008
2383.508946	19002.205486
3218.655006	26756.668105
3039.567407	25506.814728
3667.059335	29275.335421
1826.207485	14719.028123
4895.750673	41668.598526
4728.719313	37537.186990
3922.797816	31943.310529
1837.339165	15920.647178
3731.267319	30605.312233
753.185558	6736.730660
240.623322	2716.595900
1362.810082	12967.810236
694.542961	7205.419928
3486.439047	27801.146742
2630.056931	21364.525708
475.753825	4279.459685
2952.640717	25508.147137
3213.691282	26439.536208
3873.302035	30718.909075
2031.001978	18356.624781
4824.854962	39291.626439
3874.460700	32952.743619
3186.552584	25679.728563
1014.626737	9191.360284
2438.354449	20384.049081
3197.685919	26948.264261
3117.337317	27440.432208
1292.101395	12526.715202
2396.057838	21855.295690
4098.499179	32495.270881
648.488433	7883.663779
874.826704	9093.464817
3089.574237	26937.229791
220.829197	2927.743057
4128.416755	34067.790185
731.928975	8172.320862
4011.552464	34554.404402
2700.924488	22723.027971
318.189538	4750.904881
4115.924949	34271.623366
483.363518	5218.703992
435.521757	5611.823735
1874.106867	15888.411728
2412.581112	21681.213146
1506.163593	12842.625692
4296.279477	35339.753645
1085.333291	8703.664176
755.781173	8494.325178
4259.624167	34342.444295
1137.783800	11049.482455
3228.441546	26706.436070
2341.312632	19898.325481
1476.102451	11723.092608
4438.099055	36247.423040
3757.788345	31911.966520
4550.835977	38608.951451
867.634865	9867.608410
2841.852697	24166.031522
1713.980884	13735.538931
2011.906440	17875.952385
1765.514096	14776.178277
374.796500	4680.678887
1479.292094	12401.374074
2025.754918	16496.961250
2107.188044	18597.072296
4126.957180	32906.502452
33.251492	1144.471815
2575.623594	21316.798422
1510.506932	13178.631007
3303.645932	26341.561909
567.746647	6211.942245
4509.447140	36597.492848
2840.839640	23923.738149
4177.123250	35835.570830
2605.733644	21363.218639
2774.964998	24613.666496
2497.215603	21679.678828
2222.095131	19995.464198
4280.339172	36469.349444
4715.423956	38201.096081
2411.388765	21415.093947
1723.156800	15122.379689
310.650945	5041.100881
3953.994202	32427.130201
1312.503042	11755.849176
2089.453152	17686.554206
112.122039	1847.879868
3315.631204	28047.342094
3950.200129	32800.021045
2507.782200	20807.119887
3681.784139	29346.885720
927.181512	8055.086202
3432.508695	29091.356556
155.507436	2860.067052
2397.126689	21919.200642
4100.375077	35379.577323
3713.312526	29921.211269
2253.155712	20270.085160
122.312268	1693.584708
845.121346	7558.268829
3464.790044	29218.357057
3315.065002	28417.225323
4533.474792	36905.094919
1529.873759	14214.079732
4123.450657	35099.929942
39.608688	1997.030027
4320.403156	34818.210794
3984.234535	33225.829812
4116.066845	35102.666649
465.759710	4598.947726
4010.673360	34523.284790
1321.708987	12108.611482
389.666660	5232.931645
1747.949355	14159.257812
4782.014610	39452.136794
1946.794240	17375.950255
527.645201	4338.574506
1823.716735	14489.180377
1892.555445	17010.192598
3544.794909	28701.234976
2391.246454	21100.684538
3821.240893	31309.387786
4551.193800	37750.381251
4464.561457	37580.912285
1945.217395	18373.564050
180.454177	2003.589605
4496.455954	36534.609869
3679.876641	32093.794520
77.027862	867.122537
398.101544	6070.282698
3020.896696	25346.803784
3105.847125	26742.202785
2606.755026	23615.633341
3609.661888	31305.272512
3283.154356	27310.868099
515.316569	4488.398061
738.860392	8457.222094
2386.050416	19082.897571
2142.032889	18085.453050
3957.314835	33813.100848
1780.933040	16596.119489
43.141036	1108.315540
639.932177	7305.116349
1163.511605	9650.720477
4150.843673	33831.387201
576.002510	5867.723010
3906.508935	33167.236145
720.282265	6616.018882
3611.413496	31217.533786
1012.574428	9161.145007
1484.400947	12680.248483
2568.968657	21692.404108
864.448457	9823.553709
2513.315530	21721.298714
1805.630946	15191.561158
2093.731629	18744.248668
608.399376	6103.539616
4863.952978	39294.634797
859.890343	7430.899078
1965.291592	15580.894851
2589.077732	22042.583261
2182.474382	18192.926851
1223.143738	11434.768487
3008.850623	26745.138476
2232.700799	20106.461937
1729.125081	15933.153744
549.316046	6932.051342
940.363084	8300.405790
4253.112811	35777.084342
4420.245851	35664.611826
4924.308979	39932.328875
4645.307741	37132.550938
3650.850145	31637.649514
1781.039907	16820.749269
536.725300	6501.215427
4521.474503	37707.059663
1287.625603	11226.486810
4621.389699	38129.842903
4606.705531	38085.157058
2345.326572	19689.782363
1651.665371	15533.714463
556.508072	5730.779001
3372.545388	27624.718749
3614.745922	30221.370873
4950.549770	41052.889294
3684.401954	32122.898195
4548.969250	38047.292797
407.567101	5149.761075
2838.970412	23811.309283
2710.559879	23505.940486
934.938507	8748.379272
1501.498742	13232.548188
3935.983264	31865.436266
4733.333450	39636.121380
3753.128761	30989.822070
382.095119	3270.886699
1153.111670	9701.289433
2605.775547	23365.527130
2435.474348	20032.850490
2151.315257	18480.260894
4255.513241	34225.330322
2260.882862	20199.632348
4165.426904	34611.057823
2004.301882	17086.239824
4857.056974	41319.903783
380.093025	3487.341400
1946.896141	16557.630062
3014.559591	24419.373949
3004.480208	25458.505490
4425.568196	36126.109238
4826.553061	41133.848675
2162.403097	17724.313678
746.266505	8774.886430
505.321787	5913.595892
988.700113	9429.188430
567.764966	4645.926286
3492.354256	29373.240685
4048.695841	33679.591456
497.097792	4571.176866
4662.178475	37159.115217
767.859482	6110.461194
1146.150246	10711.813308
1923.863267	17742.571019
3597.635025	31467.382378
1908.602874	16939.132170
1685.952443	14401.853672
2830.866532	24742.937139
2714.820664	23660.568554
3616.534187	30592.232987
1758.873887	16701.785279
876.779496	8344.246041
4849.447652	41052.164963
155.286682	3569.495009
2026.914909	16454.234819
4951.141214	40250.037303
1006.539241	8407.977336
1731.364881	15012.256259
3433.756315	29404.814548
1313.399322	11627.202693
3583.571624	30332.128597
54.594555	594.362918
4957.158130	41015.540517
4117.879609	34236.374449
1462.594122	13231.348415
892.121243	9002.723119
2339.648091	19602.478438
548.106861	5657.070049
1138.034489	9440.680677
1087.239229	10515.074197
1355.778021	11367.236970
4854.042781	39884.490343
1757.381133	14878.059585
4515.006752	35895.004967
240.635807	2404.023465
2222.528785	19907.520642
4050.408268	33464.767334
4093.731499	34846.359161
162.584425	3215.408408
1679.545188	14285.091316
946.024897	9040.015423
4846.646557	40379.890515
4340.567169	34634.783593
474.768726	4049.586846
1098.146963	9639.750450
3643.551056	30346.604578
2600.388398	22705.997356
4816.242247	40782.201727
83.001494	3256.515901
4548.906979	36243.155881
159.655067	2328.088752
4147.844733	35396.691447
4048.559104	34028.784894
3217.629731	28025.613540
1453.187334	14454.458596
836.322077	8067.174935
2468.841349	19974.744101
684.885215	6513.192672
1077.722051	9236.475616
2288.010175	19437.441569
2721.661899	22127.440580
4629.793998	36883.213487
4429.155064	37767.590653
4679.819825	39793.719668
3777.285239	32471.296305
4835.793860	40684.645938
1000.162564	10316.226470
3147.003640	24968.465953
2225.214821	18453.062388
4259.865195	35965.429458
1261.808288	10057.233952
1077.614385	10778.219812
779.155905	7232.119446
540.058157	5393.955372
2922.153544	24854.192019
4032.746972	32344.821147
3759.629563	31991.667899
965.865734	9567.520120
3108.577211	25022.124243
2700.941182	22535.814709
4874.412361	40150.564942
822.802752	7045.255209
1520.373629	14430.472409
923.296588	9564.252361
334.439762	2760.250258
2423.990605	20167.280590
279.349054	4314.735816
326.897688	3225.687078
264.104589	2613.137676
2915.382915	25015.450323
3695.024179	30451.039409
3830.073573	31825.187087
610.670853	7716.980501
643.438362	7330.640238
441.624865	5506.396597
605.110510	4984.974897
881.114582	7839.365178
1190.612147	10876.202535
397.719655	4420.176080
1147.076660	9529.597193
2297.070516	20346.361506
2328.407470	19997.910569
2072.672254	18018.602977
3634.924529	30207.952583
3522.261006	28843.240115
523.034975	5475.295160
3498.437329	30336.123981
4671.938922	39489.436418
4149.047855	33069.414263
2828.356245	25168.434037
3659.756828	31062.756412
4906.709944	41608.997192
4861.380020	39183.639057
1942.359620	15548.183987
3211.230823	27301.879415
991.259092	8160.466287
1660.503546	15150.883775
3084.720910	26685.563053
974.971720	8758.199313
1069.952644	11177.452237
3269.952884	26869.368162
1714.517906	14648.168537
946.096166	8329.454453
877.498393	7011.046226
1701.834107	15710.131197
4685.816741	37350.904387
2139.321392	19709.113990
4902.462345	40051.234010
689.848771	6573.775702
2259.801087	20249.017807
4934.258244	41053.423987
4409.380937	35900.120866
1570.726741	13944.085760
327.937589	4126.244138
4213.747284	34231.649156
2042.931184	17679.949293
2990.877851	25956.443770
4252.090379	36058.959065
143.905913	1218.172372
4032.118041	33060.991767
3835.443409	32625.710346
2207.330955	18077.415987
3310.461463	27500.472132
2975.466211	25980.026986
3954.615260	31480.517578
2901.389831	25326.127780
3486.327477	29014.753696
483.635292	3866.923744
4804.872610	38564.382147
2602.752677	23037.349321
2209.463114	20296.864256
1502.320057	12025.723017
3403.132948	27421.641236
4137.314981	34915.431058
883.999204	8907.136959
392.778879	5944.341970
1887.367799	16516.993377
694.207412	5620.121242
4709.903132	39526.632747
4198.139496	35467.938153
3904.940921	32205.417829
2553.391893	21669.766306
4410.300089	36772.764161
2448.322611	21931.460566
3848.600066	30529.857930
3233.792590	26261.852025
4696.759146	40062.333292
1258.404139	11832.479796
490.523081	4124.706730
1646.930951	13876.237722
3565.152140	29476.783281
1093.964899	8940.915803
4639.819667	37842.337667
650.349199	7763.691770
457.845931	6537.410066
3014.241186	26504.795135
1948.018019	15778.145456
1754.055245	14715.449004
3604.660262	31087.476282
573.490802	6016.730321
4253.453142	35991.944248
3511.323502	30196.505983
3543.396040	30942.382202
2050.104375	18666.926446
165.446762	3529.346253
408.441404	5475.157412
736.745156	6739.968670
4183.118841	33376.131003
3290.578613	28977.110262
4726.287618	39703.726336
4681.956733	38747.677488
3111.211396	25633.573033
3308.161880	29135.532514
2988.292858	24829.182166
4067.644497	34372.156419
4366.082467	36592.792611
2369.067053	20500.719645
2271.309922	18547.052602
2647.133611	23570.733995
4946.382211	40886.415569
3018.449623	24133.368025
1543.179272	14482.434574
1857.229917	15153.871005
4131.759600	32831.867824
559.766148	6750.837936
3896.233073	31021.726405
1598.576019	13872.790044
1871.697631	17776.787971
1872.711110	17756.771099
1819.560040	14983.780954
3421.774150	27828.107434
4261.453244	34245.477787
4063.048476	33118.321782
1703.304291	14524.378509
854.177464	7758.959058
4522.762457	38165.360815
2004.510112	16524.816641
2627.821866	23141.888590
1792.239839	15258.810569
4009.548558	33185.893726
617.628680	6638.024970
2593.728869	21884.388737
4913.226098	41615.369175
2122.942599	17895.362380
4325.416989	36643.371656
2726.292814	23253.517394
128.145143	2208.166505
3538.032336	30552.755754
3520.509223	28043.975173
901.375702	9767.993648
1891.023124	15240.377923
3247.313773	28071.486127
1490.079885	12333.599455
2757.273264	23820.107024
2634.717102	21939.580715
634.325708	6978.283321
4672.603451	38966.070485
468.550481	6464.645510
2693.481079	22900.073595
1371.766753	12082.254327
1533.995718	14615.376038
4766.089204	38767.373944
1085.805621	10587.216488
853.334482	9526.255641
3545.458165	29149.713563
3981.001530	31810.350704
2178.848343	18603.828560
4332.014525	36531.510863
3103.450939	25847.661134
1951.247948	15906.062831
3856.109608	32110.068239
3990.513824	33741.072363
813.628233	9123.243021
3114.542604	26786.252778
2050.557384	18941.950576
526.007377	6319.211471
3584.368922	28580.503619
246.693962	4757.093947
3596.218116	29159.164697
4276.489387	35175.136580
2854.738630	24577.598892
2578.157567	20451.419351
485.806216	4995.998513
3702.515198	31495.080260
3999.459878	32086.997703
4327.425197	36007.126325
3239.336800	27661.714036
1384.282541	13401.879063
2777.003321	24706.366147
2560.074345	23184.498482
3985.134500	33432.863738
3412.113806	28581.868125
3378.178300	28966.520160
2239.677963	18933.537069
4758.836215	38622.311675
4116.072694	34187.012722
4773.658265	38846.610538
2647.161813	21133.787604
3604.402351	29373.811891
3848.721638	32062.493527
2003.440152	17782.460540
459.431710	3786.549933
1494.085850	12946.492919
4295.741988	36605.356459
1342.539397	11752.785646
4098.649877	32677.400596
4941.898053	40669.789703
2897.177317	24951.466346
1169.571449	9350.680396
294.472764	2890.669117
1653.022627	15746.126668
3541.982506	28925.352243
1104.775717	9468.563517
1686.145371	16187.795861
2538.821328	20440.457315
2313.040293	21055.634608
3711.013840	31072.358825
4785.038435	38043.317258
4616.186258	39030.613553
4476.188861	36047.935619
936.596748	9567.203038
1286.399551	10721.498204
1085.602413	11113.279316
4198.571152	34625.752208
4320.432148	36934.192777
3183.581528	25813.176615
3903.589374	31970.327975
2400.135662	19025.506234
2914.708351	25550.118311
4717.543158	37657.491712
4621.148042	37839.816293
4995.791162	41589.718310
4803.055455	40931.535670
3537.261569	30683.476466
3861.610013	32410.383665
377.967362	5874.222817
1588.289161	13585.422678
676.701560	6967.029046
847.943782	9644.910384
4929.065441	39162.661743
4368.316626	36485.427371
1141.830700	11011.872189
4838.210998	40466.816801
3280.271091	27647.096461
2628.247395	22626.905328
3206.449029	26759.960359
28.397695	2146.388888
581.557316	7507.571156
2983.069782	26111.388615
4250.694858	34792.523362
2132.269313	19674.909311
1642.886552	15251.808566
1293.029134	11638.692010
1394.450048	12335.258793
2194.860823	18187.843657
2309.348843	19238.930345
4436.162454	37226.208479
4835.083450	40881.475997
1993.145904	17664.405767
2027.292800	18838.634806
1113.168782	8961.835006
1870.788732	15510.482318
3435.982016	28700.723417
973.019624	8562.373242
1571.164933	12585.325905
3263.731589	28086.333897
4852.376704	41397.867611
2423.992717	19896.791996
2226.206254	19933.204886
3286.378753	28696.386825
141.958252	1482.420930
984.244524	10546.769175
4046.907138	32562.344513
3852.494158	31154.104312
3934.682509	31709.267211
661.446336	5270.510958
1113.528782	10343.783868
1189.417767	12155.550923
4984.581119	40799.046769
968.562591	8609.068901
2386.151875	21449.045597
259.180293	3397.057475
4138.912318	34409.770053
3383.934411	27635.922412
1501.615777	12902.125090
786.185647	7216.473082
2266.040757	19020.076011
1221.694735	10469.400242
2589.758145	20567.712237
2353.000933	19561.620389
953.975847	9368.693257
1572.291943	13700.531270
546.682338	5989.349436
1617.015424	13133.209201
4924.147106	40574.006392
2087.009506	17925.218482
1817.872192	15813.905693
4548.827554	36622.414780
29.362810	1992.350257
2321.903080	19319.100286
4603.075126	38343.096034
3174.552616	26279.021367
4878.518900	41298.815644
3182.063775	26698.042155
4470.436244	35748.150973
3992.717694	31895.956915
3549.511974	28468.018683
2491.916720	22205.546166
3326.719349	28828.795207
4627.457771	38621.989153
1694.510158	14457.258279
561.165428	6554.527965
4060.657075	32245.708401
4469.166863	37871.064547
3042.754942	25187.729521
620.998470	6508.758796
4899.158671	41101.963012
4514.945948	38646.447186
3191.798440	26912.426601
2245.954609	19395.980913
3232.074426	26356.601468
3086.646773	25529.871407
1803.681937	14640.875616
877.780712	7034.437891
4687.495639	37450.397767
3381.267736	27624.922005
2219.705755	19956.084263
4894.388148	39555.044831
4052.426144	34732.617506
370.382713	4192.300925
1154.624951	9744.948606
4741.011152	38203.622185
4786.932275	40488.839922
831.461186	8376.364650
1952.966818	17323.233107
640.965393	5190.518474
4316.088096	36440.508183
1966.627644	16256.904348
4306.175662	35832.032283
1250.171317	12303.504224
3349.646837	29323.994077
375.677091	3318.760475
3573.872218	28484.101009
1849.715420	16234.320606
4633.620248	38052.364288
4721.479448	37889.515162
3211.479321	28127.681288
1842.028816	16396.674097
3718.447696	31071.881115
977.142305	8146.462110
750.905795	6921.609100
856.455758	6827.398418
345.719864	4433.595277
1186.763924	12195.950702
667.491756	6751.869799
3645.566822	31300.507196
2068.374295	18804.105966
4586.491182	36732.167006
4291.309155	34869.297807
3268.544876	28257.375110
3656.304736	30769.333973
4713.174600	38471.424592
2452.514918	20368.701999
4866.195649	39265.986055
4228.693419	34017.362244
1842.377128	17588.146958
2461.445649	21125.653542
46.593102	2053.538231
521.916286	4876.072935
2459.061040	20201.101189
3670.292270	29748.943876
206.546632	2080.031402
125.871776	3873.325677
1380.913077	13593.706419
1229.244413	12531.135626
3342.110330	29416.735163
2639.482272	22750.421386
1753.333202	13949.934443
4610.488345	37508.708046
1262.959804	12312.156123
2462.866801	21380.818248
3818.780973	33217.491222
804.169816	8692.073249
2731.477966	22441.945436
98.731101	896.743193
2515.494145	22196.088919
1295.166866	11897.104613
4507.689937	36574.961720
2515.078589	20464.543522
838.219570	8889.278565
538.060963	6772.199272
3629.872151	30672.373556
2235.614828	17946.623086
3269.540425	27017.968853
2002.734203	18590.678101
685.284930	8110.075802
2637.837158	23606.652848
4389.913457	36854.192966
3369.439979	27974.821302
4768.093077	39866.872280
2311.930425	19691.634611
2237.194452	19893.476377
5.627994	1091.531105
28.135933	1735.394324
2633.487397	21389.555821
1265.029587	11927.978605
46.685406	3306.911445
1349.091596	12060.600560
278.107089	4975.109764
4128.403407	34085.090475
4151.132248	35784.919200
1746.442298	14913.509040
